10348
22362
23198
24031
24863
25711
26572
27442
28316
29193
30043
30870
31702
32533
33350
34130
34897
35650
36378
37019
37688
38420
39163
39903
40642
41388
42133
42878
43625
44365
45099
45835
46576
47319
48054
48784
49517
50239
50973
51707
52459
53249
54042
54843
55656
56495
57346
58211
59093
59982
60894
61831
62784
63764
64754
65755
66779
67834
68909
69994
71110
72254
73423
74619
75845
77110
78404
79714
81055
82468
83920
85403
86905
88423
89826
91351
93129
95003
96963
99008
101137
103464
105966
108658
111556
114711
118178
122026
126388
131264
136798
143145
150514
159444
170374
181727
199133
228725
291303
758941